STATIONS_ID;MESS_DATUM_BEGINN;MESS_DATUM_ENDE;QN_4;JA_N;JA_TT;JA_TX;JA_TN;JA_FK;JA_SD_S;JA_MX_FX;JA_MX_TX;JA_MX_TN;QN_6;JA_RR;JA_MX_RS;eor
       2483;19290101;19291231;    1;  5.49;   4.66;    7.86;    1.90;    3.41;-999;-999;  28.1; -24.0;    1;-999;-999;eor
       2483;19300101;19301231;-999;-999;-999;-999;-999;-999;-999;-999;-999;-999;    1;  1634.6;-999;eor
       2483;19310101;19311231;    1;  6.10;   4.36;    7.06;    1.98;    4.14;-999;-999;  23.8; -14.1;    1;  1412.9;   33.6;eor
       2483;19330101;19331231;-999;-999;-999;-999;-999;-999;-999;-999;-999;-999;    1;  1202.9;-999;eor
       2483;19340101;19341231;    1;  5.96;   6.07;    9.33;    3.12;    4.36;-999;-999;  26.0; -11.6;    1;-999;-999;eor
       2483;19360101;19361231;-999;-999;-999;-999;-999;-999;-999;-999;-999;-999;    1;  1346.0;   58.6;eor
       2483;19370101;19371231;    1;  6.19;   5.20;    8.40;    2.56;    3.91;-999;-999;  29.2; -14.7;    1;  1266.1;   39.3;eor
       2483;19380101;19381231;    1;  6.09;   5.19;    8.60;    2.36;    4.09;-999;-999;  26.9; -20.9;    1;  1358.9;   45.6;eor
       2483;19390101;19391231;    1;  6.20;   4.79;    8.03;    2.11;    3.91;-999;-999;  25.8; -14.7;    1;  1409.9;-999;eor
       2483;19410101;19411231;    1;  6.05;   3.85;    7.35;    1.04;    4.11;-999;-999;  28.1; -17.3;    1;  1463.8;   52.5;eor
       2483;19430101;19431231;    1;  5.84;   5.67;    9.27;    2.14;    4.48;-999;-999;  28.6; -13.5;    1;-999;-999;eor
       2483;19440101;19441231;    1;  6.37;   4.64;    7.88;    1.79;    4.45;-999;-999;  28.9; -13.2;-999;-999;-999;eor
       2483;19550101;19551231;    5;  5.95;   4.11;    7.43;    1.46;    3.27; 1428.10;-999;  25.7; -15.4;    5;  1458.8;   37.3;eor
       2483;19560101;19561231;    5;  6.21;   3.34;    6.64;    0.77;    3.37; 1265.00;-999;  23.5; -26.0;    5;  1708.4;   48.5;eor
       2483;19570101;19571231;    5;  6.00;   5.20;    8.49;    2.58;    3.10; 1519.90;-999;  30.4; -12.4;    5;  1619.5;   41.8;eor
       2483;19580101;19581231;    5;  6.29;   4.65;    7.80;    2.13;    3.31; 1321.40;-999;  25.0; -12.8;    5;  1833.6;   40.9;eor
       2483;19590101;19591231;    5;  4.88;   6.39;   10.29;    3.36;    3.29; 2051.30;-999;  30.1; -11.1;    5;   896.7;   32.9;eor
       2483;19600101;19601231;    5;  6.36;   4.87;    7.97;    2.51;    3.34; 1142.90;-999;  23.5; -16.0;    5;  1581.7;   62.1;eor
       2483;19610101;19611231;    5;  6.05;   5.62;    8.98;    3.05;    3.43; 1301.80;-999;  27.2; -16.1;    5;  1727.6;   44.0;eor
       2483;19620101;19621231;    5;  6.10;   3.45;    6.77;    0.89;    3.63; 1243.70;-999;  23.6; -17.3;    5;  1380.8;   47.6;eor
       2483;19630101;19631231;    5;  5.69;   3.88;    7.43;    1.04;    3.36; 1530.60;-999;  28.1; -18.0;    5;  1095.4;   36.2;eor
       2483;19640101;19641231;    5;  5.61;   4.95;    8.42;    2.04;    3.45; 1636.30;-999;  28.3; -13.3;    5;  1023.3;   30.2;eor
       2483;19650101;19651231;    5;  6.19;   3.93;    7.16;    1.44;    3.55; 1198.50;-999;  24.0; -13.1;    5;  1842.6;   68.8;eor
       2483;19660101;19661231;    5;  6.37;   5.08;    8.30;    2.60;    3.39; 1223.60;-999;  27.7; -17.0;    5;  1807.6;   57.4;eor
       2483;19670101;19671231;    5;  6.10;   5.36;    8.67;    2.47;    3.64; 1413.00;-999;  25.9; -13.0;    5;  1479.6;   47.0;eor
       2483;19680101;19681231;    5;  6.14;   4.69;    7.98;    1.84;    3.46; 1324.10;-999;  25.2; -19.5;    5;  1457.1;   66.4;eor
       2483;19690101;19691231;    5;  6.13;   4.58;    7.86;    1.69;    3.39; 1351.00;-999;  26.7; -15.0;    5;  1366.1;   44.8;eor
       2483;19700101;19701231;    5;  6.34;   4.38;    7.57;    1.56;    3.64; 1238.90;-999;  24.6; -15.0;    5;  1903.9;   43.2;eor
       2483;19710101;19711231;    5;  5.81;   5.27;    9.02;    2.13;    3.47; 1579.90;  27.6;  27.8; -16.6;    5;  1008.5;   62.9;eor
       2483;19720101;19721231;    5;  5.90;   4.59;    7.93;    1.87;    3.53; 1337.70;  42.1;  27.3; -18.1;    5;  1077.0;   40.9;eor
       2483;19730101;19731231;    5;  5.88;   4.98;    8.30;    2.05;    3.65; 1528.70;  38.0;  27.0; -14.0;    5;  1414.7;   37.2;eor
       2483;19740101;19741231;    5;  6.44;   5.08;    8.34;    2.42;    3.72; 1216.30;  34.5;  28.3;  -7.8;    5;  1961.8;   46.0;eor
       2483;19750101;19751231;    5;  5.92;   5.55;    8.83;    2.82;    3.51; 1536.60;  31.7;  26.5; -10.2;    5;  1240.2;   37.3;eor
       2483;19760101;19761231;    5;  5.65;   5.25;    8.88;    2.36;    3.44; 1585.10;  41.6;  29.5; -15.0;    5;  1273.3;   48.7;eor
       2483;19770101;19771231;    5;  6.45;   5.11;    8.20;    2.58;    3.59; 1056.40;-999;  25.1; -11.4;    5;  1577.5;   44.7;eor
       2483;19780101;19781231;    5;  6.29;   4.36;    7.49;    1.86;    3.56; 1077.60;-999;  25.3; -20.1;    5;  1366.2;   41.1;eor
       2483;19790101;19791231;    5;  6.44;   4.11;    7.34;    1.51;    3.62; 1226.90;  27.8;  25.9; -24.1;    5;  1536.4;   59.6;eor
       2483;19800101;19801231;    5;  6.21;   4.25;    7.36;    1.75;    3.80; 1257.90;  27.6;  25.1; -13.6;    5;  1593.5;   50.4;eor
       2483;19810101;19811231;   10;  6.37;   4.66;    7.81;    2.09;    3.82; 1148.30;  32.0;  25.3; -15.3;   10;  1871.2;   50.3;eor
       2483;19820101;19821231;   10;  5.61;   5.76;    9.12;    3.14;    3.79; 1571.90;  34.8;  26.3; -16.0;   10;  1294.5;   38.4;eor
       2483;19830101;19831231;   10;  5.81;   5.66;    9.06;    2.86;    3.95; 1336.20;  37.0;  28.2; -13.2;   10;  1499.7;   40.4;eor
       2483;19840101;19841231;   10;  6.23;   4.61;    7.77;    2.16;    3.82; 1206.10;  38.6;  27.8; -11.5;   10;  1673.0;   61.5;eor
       2483;19850101;19851231;   10;  6.02;   4.01;    7.37;    1.45;    3.73; 1429.50;-999;  25.9; -18.4;   10;  1271.2;   26.0;eor
       2483;19860101;19861231;   10;  6.04;   4.31;    7.62;    1.66;    3.69; 1348.30;  37.6;  27.9; -23.9;   10;  1668.2;   49.4;eor
       2483;19870101;19871231;   10;  6.23;   4.15;    7.28;    1.55;    3.56; 1210.30;  35.0;  27.4; -20.0;   10;  1585.5;   46.5;eor
       2483;19880101;19881231;   10;  6.38;   5.30;    8.32;    2.84;    3.69; 1260.60;  33.5;  24.4; -12.1;   10;  1683.1;   59.1;eor
       2483;19890101;19891231;   10;  5.51;   6.56;   10.04;    3.75;    3.51; 1731.00;  31.9;  26.0;  -9.8;   10;  1196.9;   38.5;eor
       2483;19900101;19901231;   10;  6.00;   5.93;    9.06;    3.38;    3.68; 1497.70;  43.8;  29.2;  -8.7;   10;  1401.5;   50.8;eor
       2483;19910101;19911231;   10;  5.62;   5.02;    8.39;    2.32;    3.66; 1610.10;  31.3;  27.6; -19.7;    9;  1169.0;   65.0;eor
       2483;19920101;19921231;   10;  5.63;   6.04;    9.26;    3.32;    3.77; 1562.40;  36.5;  30.2; -12.2;    9;  1412.0;   37.3;eor
       2483;19930101;19931231;   10;  5.80;   5.26;    8.59;    2.49;    3.62; 1515.30;-999;  24.8; -14.1;    9;  1510.5;   41.8;eor
       2483;19940101;19941231;   10;  6.10;   6.11;    9.44;    3.40;    3.69; 1492.80;-999;  30.3; -15.9;    9;  1776.5;   48.2;eor
       2483;19950101;19951231;   10;  6.09;   5.58;    8.82;    2.84;    3.70; 1470.50;  35.0;  28.7; -13.9;    9;  1466.8;   38.9;eor
       2483;19960101;19961231;   10;  6.07;   3.75;    7.23;    1.09;    3.59; 1338.10;  30.4;  27.7; -19.1;    9;  1080.7;   38.5;eor
       2483;19970101;19971231;   10;  5.93;   5.55;    9.18;    2.76;    3.55; 1467.60;-999;  26.4; -18.8;    9;  1187.1;   46.9;eor
       2483;19980101;19981231;   10;  6.53;   5.19;    8.42;    2.67;    3.70;-999;  31.4;  28.5; -14.9;    9;  1765.5;  102.5;eor
       2483;19990101;19991231;   10;  6.07;   5.82;    9.32;    3.21;    3.66; 1425.40;  30.0;  26.8; -12.1;    9;  1359.1;   38.0;eor
       2483;20000101;20001231;   10;  6.37;   6.18;    9.20;    3.83;    3.75; 1243.70;  34.0;  27.9; -13.0;    9;  1282.5;   40.0;eor
       2483;20010101;20011231;   10;  6.26;   5.57;    8.53;    2.96;    3.69; 1252.90;-999;  28.2; -13.7;    9;  1371.6;   38.0;eor
       2483;20020101;20021231;   10;  6.19;   6.05;    9.09;    3.45;    3.74; 1221.70;  36.6;  29.5; -13.8;    9;  1453.7;   53.1;eor
       2483;20030101;20031231;   10;  5.28;   6.28;    9.71;    3.24;    3.67; 1876.50;  30.1;  31.3; -16.0;    9;  1123.1;   60.0;eor
       2483;20040101;20041231;   10;  6.11;   5.33;    8.34;    2.81;    3.75; 1340.50;  35.7;  25.7; -11.3;    9;  1457.4;   52.3;eor
       2483;20050101;20051231;   10;  6.00;   5.69;    8.67;    3.09;    3.63; 1487.90;  30.5;  27.6; -15.0;    9;  1288.4;   48.6;eor
       2483;20060101;20061231;   10;  5.86;   6.35;    9.42;    3.67;    3.65; 1557.50;  28.6;  30.5; -14.2;    9;  1286.3;   35.2;eor
       2483;20070101;20071231;   10;  6.08;   6.44;    9.52;    3.81;    3.94; 1378.70;  37.9;  27.7; -12.0;    9;  1719.7;   77.4;eor
       2483;20080101;20081231;   10;  6.16;   5.93;    9.04;    3.33;    3.76; 1299.90;  35.5;  26.7;  -9.1;    9;  1187.2;   38.4;eor
       2483;20090101;20091231;   10;  6.06;   5.90;    8.93;    3.20;    3.75; 1339.40;  26.2;  29.0; -19.5;    9;  1297.4;   30.7;eor
       2483;20100101;20101231;   10;  6.31;   4.49;    7.52;    1.77;    3.70; 1244.00;  34.9;  29.2; -14.1;    9;  1208.1;   44.5;eor
       2483;20110101;20111231;   10;  5.70;   6.76;   10.20;    3.79;    3.86; 1585.90;  29.6;  26.3; -13.2;    9;  1167.0;   40.4;eor
       2483;20120101;20121231;   10;  5.96;   5.69;    8.86;    2.98;    3.81; 1340.30;  32.3;  29.3; -19.0;    9;  1275.9;   38.0;eor
       2483;20130101;20131231;   10;  6.20;   5.07;    8.08;    2.48;    3.70; 1199.40;-999;  29.8; -12.4;    9;  1039.0;   42.1;eor
       2483;20140101;20141231;   10;  6.11;   6.95;    9.83;    4.52;    3.67; 1257.80;  27.0;  26.9; -12.0;    9;  1227.7;   39.4;eor
       2483;20150101;20151231;   10;  5.84;   6.36;    9.44;    3.50;    3.83; 1474.70;  35.1;  31.0;  -8.6;    9;  1276.3;   58.9;eor
       2483;20160101;20161231;   10;  6.27;   6.16;    9.10;    3.60;    3.68; 1357.60;  28.8;  28.8; -12.0;    9;  1078.0;   28.8;eor
       2483;20170101;20171231;    3;  -999;   6.26;    9.19;    3.72;    3.76; 1211.88;  31.6;  27.7; -12.7;    9;  1465.7;   50.6;eor
       2483;20180101;20181231;    3;  -999;   7.26;   10.54;    4.37;    3.71; 1722.32;  39.5;  30.4; -15.9;    9;   897.4;   36.2;eor
       2483;20190101;20191231;    3;  -999;   7.00;   10.12;    4.23;-999; 1526.80;-999;  31.9; -11.5;    9;  1244.5;   64.6;eor
       2483;20200101;20201231;    3;  -999;   7.28;   10.41;    4.36;-999; 1603.11;-999;  29.4;  -8.0;    3;  1095.8;   33.1;eor
